-1.270521 2.717826 0.855694
-1.245940 2.072457 0.889373
-1.138973 1.626885 0.773342
-0.902176 1.075899 0.594980
-0.731940 0.844545 0.515518
-0.334926 0.482530 0.967540
0.001579 0.413238 1.146981
0.349690 0.476564 0.968039
0.794163 0.851651 0.509689
0.958376 1.080228 0.582436
1.146196 1.629806 0.782307
1.278818 2.073888 0.888791
1.290021 2.714096 0.850141
0.765600 3.705422 1.452556
0.000140 3.857476 1.587699
-0.764346 3.708051 1.433196
-0.486761 3.040488 1.693650
-0.898538 2.992563 1.430551
-1.073417 2.888593 1.288822
-0.873994 2.831304 1.382993
-0.418862 2.837313 1.553951
-0.223723 2.813869 1.673423
0.219363 2.813869 1.671322
0.484967 3.041549 1.692244
0.896109 2.992564 1.430936
1.070446 2.888593 1.291723
0.865785 2.831302 1.383093
0.551033 2.885912 1.532215
0.601238 2.724087 1.502779
-0.601911 2.721415 1.504321
-0.327130 2.462824 1.409095
-0.504578 2.644526 1.517932
-0.611174 2.675586 1.518239
-0.763284 2.682252 1.469346
-0.897755 2.556213 1.327723
-0.808962 2.483739 1.410272
-0.641759 2.436101 1.442913
-0.484633 2.449066 1.437916
-0.618 2.555 1.433
-0.646 2.547 1.430
0.349752 2.476705 1.416698
0.501126 2.622754 1.517312
0.613511 2.669239 1.518723
0.737900 2.675383 1.470316
0.929722 2.556712 1.324042
0.720128 2.441164 1.436869
0.612904 2.436041 1.445002
0.475564 2.447590 1.452401
0.207981 2.035175 1.841770
0.000172 2.118732 2.036094
-0.203276 2.035039 1.841769
-0.200423 1.726998 1.903181
0.002597 1.905076 2.128602
0.213421 1.727143 1.906577
0.377993 1.761870 1.727894
0.340594 1.672309 1.701913
0.006688 1.625079 1.845051
-0.335151 1.653738 1.694032
-0.381156 1.752641 1.726807
-0.459645 1.220993 1.626400
-0.272006 1.271893 1.770085
-0.088391 1.361520 1.924832
0.016102 1.328405 1.947845
0.119275 1.364129 1.923320
0.299577 1.277326 1.789557
0.480575 1.239930 1.627778
0.310970 1.228133 1.704764
0.016234 1.205068 1.841006
-0.278827 1.219789 1.693303
-0.276561 1.202163 1.688081
0.016336 1.162224 1.845075
0.309016 1.210226 1.688321
0.420435 1.178700 1.664310
0.227737 1.043000 1.781100
0.018211 1.003840 1.867193
-0.193125 1.035730 1.777505
-0.394011 1.153234 1.659768
