-1.043892 0.375681 0.809270
-1.087784 -0.152442 0.767089
-1.037253 -0.542143 0.659157
-0.845527 -1.020727 0.533506
-0.727496 -1.168040 0.522801
-0.300111 -1.507873 0.811716
0.007799 -1.578188 0.910388
0.308714 -1.517850 0.813278
0.732532 -1.187555 0.522303
0.842180 -1.028247 0.534130
1.044273 -0.542747 0.665923
1.106475 -0.159138 0.771827
1.050544 0.390484 0.810963
0.655883 1.239980 1.266373
-0.000057 1.334227 1.481516
-0.652139 1.242467 1.255048
-0.446233 0.646219 1.471647
-0.781621 0.605724 1.312641
-0.935201 0.519076 1.190844
-0.760115 0.466297 1.300260
-0.364285 0.467522 1.416634
-0.194572 0.445285 1.483816
0.190780 0.445285 1.483845
0.445703 0.646219 1.471569
0.779503 0.605724 1.312646
0.932561 0.519077 1.190818
0.753036 0.465791 1.300347
0.479233 0.510413 1.392833
0.521770 0.345981 1.400120
-0.521204 0.373387 1.400215
-0.268677 0.147680 1.319432
-0.443278 0.320745 1.404790
-0.528351 0.332388 1.407760
-0.649992 0.334291 1.370234
-0.757392 0.257847 1.246000
-0.699940 0.205685 1.322532
-0.542652 0.152469 1.356219
-0.422833 0.143348 1.354331
-0.516022 0.236584 1.350258
0.561763 0.200987 1.340629
0.320620 0.122252 1.319983
0.444188 0.270208 1.404782
0.532644 0.293079 1.407746
0.639342 0.289971 1.370904
0.819000 0.186529 1.242746
0.642626 0.105811 1.350827
0.547410 0.108593 1.358348
0.430211 0.110227 1.355605
0.165871 -0.320279 1.633786
0.000149 -0.264030 1.785459
-0.162894 -0.320000 1.633756
-0.173419 -0.561900 1.661506
0.002056 -0.476508 1.857853
0.183861 -0.563291 1.661500
0.321499 -0.526939 1.511430
0.282237 -0.599493 1.492835
0.010925 -0.657889 1.594744
-0.279790 -0.614659 1.485939
-0.312291 -0.532560 1.510476
-0.399003 -0.916901 1.346456
-0.237721 -0.892670 1.537640
-0.074588 -0.854359 1.633445
0.013943 -0.870669 1.632225
0.101423 -0.848943 1.633833
0.261640 -0.884709 1.540115
0.417839 -0.900035 1.346836
0.266752 -0.950620 1.442995
0.018842 -0.971891 1.512438
-0.239275 -0.958954 1.437456
-0.239010 -0.959840 1.435298
0.018848 -0.973595 1.510013
0.266604 -0.951537 1.440661
0.358046 -0.972517 1.383267
0.202481 -1.080649 1.471012
0.016551 -1.107194 1.509107
-0.172108 -1.086757 1.470319
-0.332807 -0.985720 1.382201
