-1.225515 0.860510 0.823543
-1.253824 0.219359 0.753481
-1.169799 -0.211953 0.618449
-0.973756 -0.764527 0.475988
-0.827420 -0.960223 0.469788
-0.357270 -1.346510 1.179374
-0.016360 -1.426837 1.358869
0.369066 -1.335845 1.155188
0.836873 -0.954777 0.476564
0.979762 -0.760122 0.476004
1.171732 -0.217225 0.618562
1.228391 0.230757 0.753481
1.185974 0.856210 0.823713
0.691688 1.806018 1.243345
-0.019783 1.898231 1.369851
-0.731057 1.806020 1.243379
-0.524935 1.195689 1.537643
-0.897680 1.143367 1.384677
-1.058466 1.039596 1.249912
-0.879114 1.030381 1.375631
-0.423909 1.027806 1.501969
-0.244560 0.963131 1.535164
0.192522 0.966774 1.535380
0.484984 1.184690 1.537626
0.855996 1.124877 1.384682
1.016218 1.018057 1.249883
0.819433 1.004994 1.375730
0.513451 1.050917 1.478655
0.533659 0.982274 1.492886
-0.612778 0.945947 1.492989
-0.362521 0.704529 1.408559
-0.534304 0.868069 1.500454
-0.627840 0.894313 1.503164
-0.753083 0.884190 1.460667
-0.901129 0.762488 1.325655
-0.806955 0.712807 1.411560
-0.637066 0.689638 1.450641
-0.535117 0.706450 1.447945
-0.597819 0.774345 1.403569
0.574955 0.786151 1.400021
0.276582 0.733845 1.408822
0.425986 0.919457 1.501046
0.542416 0.944956 1.503537
0.675708 0.934797 1.461623
0.837667 0.783454 1.323740
0.644374 0.707194 1.444560
0.551657 0.702682 1.452960
0.414918 0.715349 1.449084
0.182982 0.157711 1.770986
-0.020827 0.227134 1.937335
-0.237762 0.174432 1.777324
-0.241704 -0.078749 1.776037
-0.017345 -0.048664 1.998245
0.180770 -0.080155 1.784318
0.360894 -0.083181 1.658981
0.333653 -0.154184 1.607287
-0.027909 -0.221992 1.738586
-0.384777 -0.150988 1.616066
-0.416196 -0.101941 1.661121
-0.458729 -0.567777 1.477786
-0.301742 -0.525865 1.689153
-0.103315 -0.483099 1.799485
-0.004064 -0.503578 1.798067
0.094144 -0.483165 1.800341
0.274455 -0.516198 1.688776
0.458831 -0.556572 1.477458
0.276985 -0.574987 1.587145
-0.003211 -0.620800 1.689731
-0.307685 -0.591934 1.587608
-0.307522 -0.593122 1.585144
-0.003083 -0.622844 1.687451
0.277550 -0.579689 1.584681
0.389385 -0.617735 1.523585
0.207544 -0.734735 1.673470
-0.000687 -0.758003 1.748539
-0.220695 -0.735745 1.673695
-0.401515 -0.635297 1.523874
