-1.147822 0.350209 0.822665
-1.101883 -0.200744 0.772030
-0.983021 -0.596965 0.640160
-0.799892 -1.093093 0.466453
-0.661465 -1.295510 0.401501
-0.291772 -1.641310 0.843314
0.000297 -1.722235 0.959052
0.292476 -1.641138 0.835808
0.654174 -1.274475 0.426644
0.791715 -1.088987 0.485188
1.004053 -0.580225 0.665343
1.098950 -0.201410 0.771361
1.130749 0.345442 0.820591
0.735024 1.127756 1.348536
0.000677 1.224740 1.492198
-0.728010 1.132968 1.338404
-0.519353 0.595092 1.486326
-0.864311 0.556688 1.324652
-0.998800 0.476246 1.151936
-0.842623 0.458297 1.247487
-0.381626 0.443160 1.389745
-0.201737 0.403105 1.450860
0.190897 0.400742 1.451543
0.471969 0.586591 1.486071
0.845272 0.543973 1.310237
0.976479 0.468446 1.147349
0.825370 0.470596 1.239352
0.485937 0.473235 1.364102
0.510779 0.392750 1.323121
-0.592493 0.371299 1.356868
-0.345693 0.144692 1.264492
-0.500481 0.298737 1.341145
-0.601882 0.336599 1.337378
-0.736937 0.345609 1.279891
-0.886177 0.238207 1.144138
-0.817827 0.160092 1.227860
-0.624682 0.096965 1.294041
-0.497321 0.114250 1.301671
-0.622123 0.218183 1.269492
0.592483 0.249199 1.250723
0.316792 0.187361 1.256903
0.431122 0.313018 1.311448
0.520784 0.361126 1.316063
0.660781 0.388169 1.282860
0.852685 0.302284 1.140913
0.645679 0.136744 1.279394
0.527678 0.139493 1.303030
0.435060 0.163761 1.288539
0.186893 -0.302602 1.623615
0.000434 -0.259122 1.766283
-0.185275 -0.307061 1.623672
-0.195815 -0.601714 1.662986
-0.001833 -0.496833 1.850960
0.163398 -0.604454 1.665137
0.313859 -0.533833 1.515988
0.291905 -0.597639 1.496812
0.001985 -0.683417 1.552949
-0.308114 -0.612342 1.487996
-0.329018 -0.535238 1.509591
-0.403372 -0.978702 1.314473
-0.242894 -0.928369 1.505093
-0.088170 -0.894171 1.588357
0.000029 -0.910917 1.591520
0.077741 -0.884362 1.586691
0.259687 -0.924750 1.505241
0.430713 -0.973329 1.315077
0.264641 -0.998327 1.410707
-0.003485 -1.013743 1.500834
-0.243815 -1.002416 1.410528
-0.243716 -1.003259 1.408284
-0.004301 -1.015303 1.498755
0.264646 -0.999166 1.408463
0.371301 -1.030244 1.352027
0.201724 -1.136050 1.474072
-0.001953 -1.157414 1.515058
-0.172333 -1.142000 1.474643
-0.347448 -1.033702 1.351507
