-1.129545 0.395405 0.796316
-1.140308 -0.156012 0.788831
-1.037681 -0.539582 0.701395
-0.884855 -1.005834 0.570861
-0.775285 -1.182174 0.557598
-0.306057 -1.571351 1.107688
0.000067 -1.627221 1.265766
0.305074 -1.571351 1.107690
0.769157 -1.182187 0.557601
0.871546 -1.005866 0.570881
1.035058 -0.539463 0.701311
1.140308 -0.156012 0.788831
1.129318 0.393792 0.796466
0.671840 1.243046 1.167075
-0.000095 1.325986 1.258804
-0.671854 1.243046 1.167105
-0.446233 0.688734 1.443585
-0.781621 0.643462 1.291896
-0.935201 0.553038 1.172875
-0.760188 0.503214 1.283907
-0.364285 0.508441 1.395485
-0.194572 0.488051 1.454735
0.190780 0.488051 1.454735
0.445703 0.688734 1.443585
0.779503 0.643462 1.291901
0.932561 0.553039 1.172849
0.753036 0.503212 1.283995
0.479233 0.550707 1.374895
0.529201 0.386898 1.387464
-0.538558 0.387052 1.387554
-0.315927 0.187578 1.312988
-0.467614 0.322773 1.394147
-0.549224 0.341231 1.396541
-0.653103 0.340842 1.359009
-0.752211 0.255906 1.239769
-0.690220 0.201937 1.315639
-0.550116 0.176076 1.350153
-0.461421 0.191732 1.347773
-0.537324 0.262490 1.317960
0.561763 0.255848 1.315062
0.329722 0.197742 1.313221
0.457888 0.305861 1.394670
0.542826 0.330269 1.396870
0.644038 0.335288 1.359852
0.779624 0.243088 1.238078
0.618903 0.175303 1.344783
0.540862 0.178675 1.352201
0.452526 0.200304 1.348779
0.175110 -0.203505 1.664103
0.000149 -0.158553 1.806453
-0.172060 -0.203630 1.663915
-0.143170 -0.446469 1.711416
0.002341 -0.343098 1.893781
0.152860 -0.446714 1.711538
0.331124 -0.398790 1.553597
0.291182 -0.474563 1.536935
0.008165 -0.543326 1.655856
-0.288633 -0.490481 1.530225
-0.321825 -0.404875 1.552811
-0.384839 -0.891894 1.374128
-0.235505 -0.829377 1.561077
-0.073792 -0.796202 1.643853
0.013787 -0.809351 1.646363
0.100522 -0.794575 1.643929
0.259432 -0.821575 1.560768
0.405442 -0.878464 1.373838
0.258114 -0.893934 1.470711
0.014715 -0.913117 1.561154
-0.233244 -0.902760 1.471120
-0.233089 -0.903857 1.468944
0.014730 -0.914837 1.559141
0.257953 -0.895024 1.468535
0.350397 -0.934090 1.414576
0.201854 -1.030530 1.544690
0.015950 -1.064440 1.584438
-0.172130 -1.035720 1.544904
-0.328382 -0.945727 1.414831
