-1.162153 0.660671 0.295775
-1.138302 0.104963 0.237468
-1.068901 -0.297367 0.141144
-0.955150 -0.772493 -0.017985
-0.844474 -0.949297 -0.029826
-0.343469 -1.393077 0.428145
0.012296 -1.438763 0.508208
0.366721 -1.397814 0.397474
0.896179 -0.970669 -0.018922
1.019210 -0.799483 -0.017214
1.140840 -0.301898 0.144300
1.198771 0.101650 0.243319
1.164891 0.682132 0.295843
0.727500 1.546844 0.754386
0.012123 1.603843 1.012818
-0.702917 1.546842 0.754418
-0.464947 0.875209 1.030608
-0.821816 0.845514 0.878984
-0.982709 0.814809 0.713158
-0.812646 0.716054 0.843320
-0.390020 0.727821 0.958614
-0.198746 0.714418 1.028552
0.215339 0.716875 1.028062
0.486743 0.883298 1.030608
0.842123 0.840300 0.878989
1.005077 0.814749 0.713457
0.813945 0.729934 0.843161
0.522440 0.781049 0.939264
0.561097 0.660384 0.923756
-0.571443 0.641646 0.923918
-0.298647 0.434752 0.831655
-0.485883 0.587661 0.927211
-0.585532 0.596102 0.930806
-0.699783 0.577155 0.890883
-0.779933 0.485062 0.759280
-0.732285 0.424734 0.836867
-0.582101 0.383843 0.872088
-0.469973 0.397879 0.870449
-0.530260 0.491088 0.857016
0.566196 0.505379 0.862144
0.314325 0.449473 0.834057
0.470915 0.590443 0.926804
0.570996 0.609332 0.930533
0.679785 0.601446 0.891464
0.805102 0.511728 0.756752
0.653295 0.429671 0.866335
0.571769 0.414557 0.874413
0.462794 0.423974 0.872006
0.188281 0.044895 1.078508
0.012192 0.065910 1.187734
-0.160741 0.043621 1.077929
-0.131923 -0.232368 1.093532
0.014516 -0.177680 1.283542
0.166354 -0.247621 1.093701
0.352346 -0.161620 1.019452
0.320607 -0.279820 0.977210
0.020917 -0.345882 1.025792
-0.311300 -0.294051 0.996593
-0.342819 -0.183571 1.048017
-0.412631 -0.708499 0.836774
-0.236074 -0.620818 1.037255
-0.055320 -0.554337 1.117469
0.026903 -0.576983 1.121175
0.106933 -0.546860 1.115845
0.286915 -0.611844 1.031663
0.460802 -0.682593 0.837712
0.297278 -0.685351 0.940821
0.028259 -0.669467 1.034900
-0.246327 -0.704179 0.940580
-0.243919 -0.718153 0.936895
0.028860 -0.727832 1.024428
0.295110 -0.706869 0.936963
0.400783 -0.737749 0.877374
0.214318 -0.826322 0.990578
0.029711 -0.846398 1.044921
-0.161775 -0.827574 0.989535
-0.355420 -0.768619 0.876952
