-1.093341 0.395412 0.798969
-1.135803 -0.156012 0.788831
-1.064969 -0.543328 0.700278
-0.936025 -1.001523 0.568929
-0.817145 -1.170941 0.556916
-0.307873 -1.561623 1.131339
0.000067 -1.606271 1.305511
0.306481 -1.548454 1.116956
0.826787 -1.173512 0.561197
0.937187 -1.002313 0.570182
1.065019 -0.544055 0.699739
1.135803 -0.156012 0.788831
1.093225 0.393792 0.799044
0.620998 1.168189 1.168605
-0.002600 1.245715 1.348961
-0.625260 1.170030 1.171508
-0.446233 0.696014 1.461244
-0.776675 0.643462 1.302572
-0.924352 0.553038 1.181617
-0.757937 0.502355 1.288979
-0.364285 0.508896 1.404939
-0.194557 0.488309 1.462922
0.190759 0.488305 1.462910
0.445397 0.696002 1.461168
0.773391 0.640315 1.298026
0.921793 0.553039 1.181612
0.750863 0.502415 1.289049
0.479233 0.551142 1.385211
0.528282 0.384645 1.390417
-0.537915 0.384806 1.390420
-0.320736 0.160999 1.313121
-0.448693 0.330153 1.395848
-0.544868 0.349446 1.398116
-0.653604 0.341243 1.359925
-0.754825 0.229192 1.239864
-0.691129 0.183133 1.315639
-0.547562 0.164766 1.350153
-0.443745 0.166965 1.347773
-0.537324 0.242478 1.317960
0.561763 0.235836 1.315062
0.327962 0.179662 1.313407
0.437927 0.314859 1.396044
0.534862 0.350462 1.398244
0.643463 0.350798 1.360701
0.781448 0.217644 1.238078
0.623866 0.155789 1.344783
0.535080 0.156212 1.352201
0.434088 0.168621 1.348865
0.168155 -0.203970 1.652431
0.000148 -0.158553 1.772896
-0.164985 -0.204025 1.652085
-0.167343 -0.466049 1.696764
0.002577 -0.356473 1.859642
0.176793 -0.466389 1.697626
0.329408 -0.425396 1.518991
0.303234 -0.500968 1.502836
0.001873 -0.558132 1.628815
-0.303429 -0.517244 1.497516
-0.326672 -0.431638 1.517770
-0.391341 -0.898396 1.324233
-0.235505 -0.829377 1.562564
-0.073792 -0.796202 1.663053
0.003502 -0.809351 1.665703
0.094866 -0.794575 1.663308
0.259432 -0.821575 1.558848
0.412134 -0.885155 1.323931
0.258634 -0.894453 1.441097
0.004430 -0.913117 1.572302
-0.233339 -0.902855 1.446519
-0.233197 -0.903966 1.443934
0.004445 -0.914837 1.570016
0.258507 -0.895578 1.438477
0.355024 -0.938717 1.368479
0.201854 -1.030530 1.543504
0.001527 -1.052366 1.585375
-0.172130 -1.035720 1.545004
-0.331996 -0.949341 1.370978
